%Multiplicación de matrices
A=[2 5 -1;
   -2 4 1;
   5 3 1];
B=[-56/126 16/126 -74/126;
   1/9 1/9 0;
   -28/63 17/63 -27/63];
AB=A*B